           0   603.03448008140049       -299.30833879191556        331.91523658555735        570.42758228775870     
           1   602.22716374835295       -300.11565512496315        331.91523658555735        570.42758228775870     
           2   598.35901113048294       -307.52074358446447        335.44521763516792        570.43453707977949     
           3   594.47312689829187       -322.68716126757334        346.70743735778387        570.45285080808128     
           4   590.55975772073180       -345.66473740712172        365.74188141807406        570.48261370977946     
           5   586.60974848018691       -376.52190802727898        392.60769645102471        570.52396005644118     
           6   582.61492963379874       -415.34391169834828        427.38177452655736        570.57706680558965     
           7   578.56852439336524       -462.23018046658751        470.15655358573338        570.64215127421937     
           8   574.46558053845456       -517.29087871813419        521.03699149737963        570.71946775920912     
           9   570.30343008766386       -580.64253552705918        580.13666260773539        570.80930300698765     
          10   566.08217784329292       -652.40271296808191        647.57292039579409        570.91197041558075     
          11   561.80521691505692       -732.68365530886456        723.46106938624166        571.02780283767981     
          12   557.47976564443127       -821.58487345227024        807.90749525154001        571.15714384516150     
          13   553.11741584251342       -919.18463710641242        901.00171563337335        571.30033731555250     
          14   548.73467691776705       -1025.5303755806567        1002.8073372870246        571.45771521139920     
          15   544.35349437995569       -1140.6280283892177        1113.3519393222311        571.62958344694221     
          16   540.00171454914880       -1264.4304402221144        1232.6159489957001        571.81620577556305     
          17   535.71346040976607       -1396.8249619458877        1360.5206366667835        572.01778568887028     
          18   531.52937695091350       -1537.6204997957414        1496.9154303500493        572.23444639660556     
          19   527.49669875919096       -1686.5343471169533        1641.5648368184554        572.46620905768884     
          20   523.66908902862690       -1843.1792334006200        1794.1353528716845        572.71296955756236     
          21   520.10619865980243       -2007.0511282350451        1954.1828526201939        572.97447427465363     
          22   516.87289797211997       -2177.5184350159620        2121.1410375422133        573.25029544586869     
          23   514.03814293288781       -2353.8132902697439        2294.3116262817925        573.53980692083917     
          24   511.67345361877426       -2535.0257367241184        2472.8570290663133        573.84216127657930     
          25   509.85100520479682       -2720.1015483318542        2655.7962841030776        574.15626943357347     
          26   508.64136057843507       -2907.8444405019704        2842.0050170278046        574.48078405260094     
          27   508.11090701180319       -3096.9232888599122        3030.2201077935447        574.81408807817070     
          28   508.31909424668709       -3285.8848003242952        3219.0496047625325        575.15428980844979     
          29   509.31560379703740       -3473.1718342029562        3406.9882122046029        575.49922579539077     
          30   511.13760456330067       -3657.1472706068539        3592.4384024688970        575.84647270125754     
          31   513.80726347327038       -3836.1229902049272        3773.7368847211183        576.19336895707931     
          32   517.32967848740964       -4008.3931919468823        3949.1858237406655        576.53704669362651     
          33   521.69138372325756       -4172.2709660651863        4117.0878758232420        576.87447396520179     
          34   526.85954410670058       -4326.1267889426717        4275.7838262627965        577.20250678657578     
          35   532.78191380677015       -4468.4274379330218        4423.6914017577628        577.51794998202911     
          36   539.38758434340821       -4597.7737509720346        4559.3437099864805        577.81762532896232     
          37   546.58850048111174       -4712.9356791347336        4681.4257346266804        578.09844498916493     
          38   554.28167940714525       -4812.8831916451618        4788.8073832743603        578.35748777794674     
          39   562.35203364786184       -4896.8117778652850        4880.5717360674271        578.59207544571973     
          40   570.67567091379931       -4964.1615337640033        4956.0373588122138        578.79984586558874     
          41   579.12352347464923       -5014.6291073550319        5014.7738109589727        578.97881987070843     
          42   587.56514464733141       -5048.1720970072220        5056.6097831446423        579.12745850991109     
          43   595.87250058555844       -5065.0058372784333        5081.6336301334577        579.24470773053406     
          44   603.92358336912139       -5065.5928553988615        5090.1864107880701        579.33002797991276     
          45   611.60567894380279       -5050.6256193512772        5082.8478913546387        579.38340694044132     
          46   618.81814298751033       -5021.0035025299821        5060.4162909767301        579.40535454076235     
          47   625.47456983118434       -4977.8051351086342        5023.8828244954138        579.39688044440470     
          48   631.50428218491697       -4922.2574762031654        4974.4023030830303        579.35945530505205     
          49   636.85311818524883       -4855.7030092361374        4913.2611693431827        579.29495807820354     
          50   641.48354121078125       -4779.5664325953412        4841.8443613259133        579.20561248020920     
          51   645.37414089479330       -4695.3220980946016        4761.6023227898986        579.09391619949633     
          52   648.51862593941962       -4604.4632606571195        4674.0193199527903        578.96256664374880     
          53   650.92442805446217       -4508.4739701480839        4580.5840113499453        578.81438685260082     
          54   652.61104142410932       -4408.8041878941167        4482.7629745504646        578.65225476776141     
          55   653.60821548156389       -4306.8484706134495        4381.9776476779261        578.47903841708728     
          56   653.95410372231470       -4203.9283516237720        4279.5849165079562        578.29753883813044     
          57   653.69345154529958       -4101.2783742929405        4176.8613840007438        578.11044183749630     
          58   652.87588510059538       -4000.0355996859525        4074.9912057561792        577.92027903036876     
          59   651.55434345515005       -3901.2323175553825        3975.0572629361923        577.72939807434022     
          60   649.78367967007887       -3805.7916318833581        3878.0353699361062        577.53994161733078     
          61   647.61944326473019       -3714.5255620788366        3784.7911711319762        577.35383421159065     
          62   645.11684693620816       -3628.1352915217431        3696.0793621755738        577.17277628237741     
          63   642.32991375752158       -3547.2132002196872        3612.5448698221203        576.99824415508851     
          64   639.31079664205504       -3472.2463331419581        3534.7256346683612        576.83149511565193     
          65   636.10925888172619       -3403.6209770850569        3463.0566594779430        576.67357648884013     
          66   632.77230239940479       -3341.6280448109492        3397.8750094536404        576.52533775671361     
          67   629.34392852263784       -3286.4689948228875        3339.4254785475609        576.38744479796435     
          68   625.86501427156213       -3238.2620483423493        3287.8666672095278        576.26039540438364     
          69   622.37328520694984       -3197.0485020382807        3243.2772519248506        576.14453532037999     
          70   618.90336381909515       -3162.7989760979340        3205.6622657637881        576.04007415324099     
          71   615.48687046001999       -3135.4194822594118        3174.9592521056325        575.94710061379931     
          72   612.15255234519327       -3114.7572446600275        3151.0442003381045        575.86559666711628     
          73   608.92641579173119       -3100.6062558614813        3133.7372213550257        575.79545029818678     
          74   605.83183834414444       -3092.7125978484082        3122.8079694680146        575.73646672453810     
          75   602.88964143342446       -3090.7795984344452        3117.9808618573861        575.68837801048358     
          76   600.11811108123027       -3094.4729217362792        3118.9401816679351        575.65085114957435     
          77   597.53296370201474       -3103.4257016958431        3125.3351706236153        575.62349477424254     
          78   595.14726535501552       -3117.2438160480115        3136.7852166858124        575.60586471721456     
          79   592.97132423508640       -3135.5113635867442        3152.8852191391579        575.59746868267268     
          80   591.01258568650042       -3157.7963530054235        3173.2111684060937        575.59777028583017     
          81   589.27556447974041       -3183.6565441425510        3197.3259159300287        575.60619269226265     
          82   587.76184891793935       -3212.6453127742552        3224.7850396484519        575.62212204374271     
          83   586.47020491253318       -3244.3173504969568        3255.1426446001219        575.64491080936807     
          84   585.39679607183916       -3278.2339734511115        3287.9568883586626        575.67388116428810     
          85   584.53551983089619       -3313.9678063634160        3322.7949977098910        575.70832848442114     
          86   583.87844231318388       -3351.1066354819136        3359.2375527364434        575.74752505865411     
          87   583.41629889396495       -3389.2562835162457        3396.8818582546537        575.79072415555697     
          88   583.13901605287697       -3428.0424441473351        3435.3442955736391        575.83716462657299     
          89   583.03620505834215       -3467.1115111472495        3474.2616399429371        575.88607626265457     
          90   583.09758024017094       -3506.1305334108974        3513.2914275254884        575.93668612557997     
          91   583.31326376847676       -3544.7865080754295        3552.1115458127297        575.98822603117662     
          92   583.67395349626941       -3582.7852776663508        3590.4192899022401        576.03994126038015     
          93   584.17094819268004       -3619.8503164858489        3627.9301642603659        576.09110041816302     
          94   584.79604261750944       -3655.7216742958485        3664.3767107479889        576.14100616536905     
          95   585.54132067683463       -3690.1552952734478        3699.5076096088001        576.18900634148235     
          96   586.39888622007300       -3722.9228553220114        3733.0872367303450        576.23450481173938     
          97   587.36057663094175       -3753.8121721353036        3764.8957775199888        576.27697124625661     
          98   588.41770394106561       -3782.6281519659074        3794.7299069035589        576.31594900341406     
          99   589.56086233615599       -3809.1941560716800        3822.4039580426561        576.35106036517993     
         100   590.77983082359219       -3833.3536073780801        3847.7514296393465        576.38200856232584     
         101   592.06358699082512       -3854.9716201612687        3870.6266308343429        576.40857631775089     
         102   593.40043375687856       -3873.9364255746377        3890.9062383388577        576.43062099265853     
         103   594.77822723366319       -3890.1603837261773        3908.4905441651813        576.44806679465921     
         104   596.18468151523393       -3903.5804163039011        3923.3042029761978        576.46089484293725     
         105   597.60771646989804       -3914.1577577664571        3935.2963421068639        576.46913212949119     
         106   599.03580834399895       -3921.8770012854775        3944.4399691038598        576.47284052561668     
         107   600.45830096714985       -3926.7444997572479        3950.7306937853300        576.47210693906777     
         108   601.86563812945280       -3928.7862628965081        3954.1848654906617        576.46703553529926     
         109   603.24948548372276       -3928.0455587156112        3954.8373015724483        576.45774262688565     
         110   604.60272279370270       -3924.5804719987123        3952.7388403341110        576.44435445830391     
         111   605.91930351532505       -3918.4616857937658        3947.9539815818816        576.42700772720923     
         112   607.19399683484971       -3909.7707296884473        3940.5588741797628        576.40585234353421     
         113   608.42204500181197       -3898.5988804489020        3930.6398697735576        576.38105567715638     
         114   609.59878328412469       -3885.0468116896000        3918.2927875653750        576.35280740834969     
         115   610.71927837110456       -3869.2249804245848        3903.6229347171475        576.32132407854192     
         116   611.77804139702391       -3851.2546250985647        3886.7458139639634        576.28685253162519     
         117   612.76886298677232       -3831.2691500011601        3867.7883413715363        576.24967161639620     
         118   613.68480050698429       -3809.4156022305633        3846.8903109772409        576.21009176030668     
         119   614.51832448246955       -3785.8559228747772        3824.2057950644062        576.16845229284058     
         120   615.26160583446949       -3760.7676798339494        3799.9041690055533        576.12511666286559     
         121   615.90690290674320       -3734.3440625686544        3774.1704995457785        576.08046592961909     
         122   616.44699161602432       -3706.7930267422739        3747.2051272712870        576.03489108701126     
         123   616.87557664640883       -3678.3355999564565        3719.2223917158440        575.98878488702132     
         124   617.18762746230709       -3649.2034761796203        3690.4485697918140        575.94253385011348     
         125   617.37959871879434       -3619.6361152693485        3661.1192028988594        575.89651108928342     
         126   617.44951700615172       -3589.8776103830915        3631.4760569481846        575.85107044105860     
         127   617.39694013368182       -3560.1735841213367        3601.7639820422410        575.80654221277757     
         128   617.22281654106871       -3530.7683276870912        3572.2279135801514        575.76323064800852     
         129   616.92928703937093       -3501.9023181978255        3543.1101922273301        575.72141300986630     
         130   616.51947671136202       -3473.8101548056038        3514.6482915066417        575.68134001032411     
         131   615.99732119428370       -3446.7188630864794        3487.0729470902825        575.64323719048059     
         132   615.36746027564425       -3420.8464455081698        3460.6065989925760        575.60730679123810     
         133   614.63521556974717       -3396.4005147681114        3435.4620006910750        575.57372964678359     
         134   613.80665137379162       -3373.5768409174511        3411.8408256123871        575.54266667885565     
         135   612.88870182724918       -3352.5576703943475        3389.9321125633192        575.51425965827752     
         136   611.88933568381537       -3333.5097280107598        3369.9104326746515        575.48863101992367     
         137   610.81772375626497       -3316.5818808974691        3351.9337219979157        575.46588265581840     
         138   609.68437367963554       -3301.9025147112970        3336.1407946350600        575.44609375587254     
         139   608.50120133971654       -3289.5767363814412        3322.6486198167772        575.42931790438047     
         140   607.28151672691024       -3279.6835662108861        3311.5495031774658        575.41557976033050     
         141   606.03991237395940       -3272.2733105086077        3302.9083511433182        575.40487173924885     
         142   604.79205321893255       -3267.3653128217711        3296.7602148767055        575.39715116399816     
         143   603.55437629726657       -3264.9462689468692        3293.1083068889634        575.39233835517234     
         144   602.34371616002375       -3264.9692620193568        3291.9226620928844        575.39031608649623     
         145   601.17687689344507       -3267.3536340197011        3293.1395801731333        575.39093074001289     
         146   600.07017408349270       -3271.9857640696896        3296.6619427854525        575.39399536772976     
         147   599.03897037505533       -3278.7207764433942        3302.3604521057714        575.39929471267817     
         148   598.09722696300446       -3287.3851557763574        3310.0757906621038        575.40659207725798     
         149   597.25709102466760       -3297.7802058180778        3319.6216590776412        575.41563776510418     
         150   596.52853630634343       -3309.6862523997816        3330.7886100277169        575.42617867840806     
         151   595.91907121555550       -3322.8674613630278        3343.3485640413310        575.43796853725235     
         152   595.43352606863880       -3337.0771177674201        3357.0598657261476        575.45077810991131     
         153   595.07392862970551       -3352.0631933775994        3371.6727171986158        575.46440480868910     
         154   594.83947461405262       -3367.5740150387878        3386.9348086355581        575.47868101728238     
         155   594.72659716005944       -3383.3638373743188        3402.5969539622120        575.49348057216628     
         156   594.72913609788964       -3399.1981201580861        3418.4185333372193        575.50872291875646     
         157   594.83860390159407       -3414.8583151581470        3434.1725444627200        575.52437459702105     
         158   595.04454038028382       -3430.1459809588978        3449.6500734667134        575.54044787246823     
         159   595.33494253519643       -3444.8860689118605        3464.6640149402406        575.55699650681640     
         160   595.69674994211744       -3458.9292600030199        3479.0519010983267        575.57410884681065     
         161   596.11636014406179       -3472.1532809746222        3492.6777425307273        575.59189858795673     
         162   596.58014370452736       -3484.4631868071538        3505.4328367806129        575.61049373106823     
         163   597.07492572462172       -3495.7906620900712        3517.2355634311557        575.63002438353726     
         164   597.58840064868775       -3506.0924605142641        3528.0302510074966        575.65061015545518     
         165   598.10945069958871       -3515.3481629461658        3537.7852656891514        575.67234795660306     
         166   598.62834549630281       -3523.5574829327638        3546.4905274201856        575.69530100888107     
         167   599.13681096247001       -3530.7373771323323        3554.1546982477639        575.71948984703840     
         168   599.62796859924265       -3536.9192217815062        3560.8023043929679        575.74488598778089     
         169   600.09616011120727       -3542.1462923145127        3566.4710436206283        575.77140880509171     
         170   600.53668543116635       -3546.4717325560250        3571.2094920243544        575.79892596283696     
         171   600.94549248179010       -3549.9571272307039        3575.0753621794693        575.82725753302475     
         172   601.31886284671884       -3552.6717051015248        3578.1343842660672        575.85618368217649     
         173   601.65313773361606       -3554.6921106917948        3580.4597928696039        575.88545555580697     
         174   601.94452281850727       -3556.1026022119195        3582.1323162788603        575.91480875156640     
         175   602.18899932279442       -3556.9954732471738        3583.2404940039114        575.94397856605678     
         176   602.38235347691023       -3557.4714646293669        3583.8811020579292        575.97271604834793     
         177   602.52031958612497       -3557.6399352212279        3584.1594509966162        576.00080381073667     
         178   602.59881582717730       -3557.6185955183773        3584.1893408015653        576.02807054398932     
         179   602.61423917528748       -3557.5326703410819        3584.0925062543320        576.05440326203745     
         180   602.56377843845610       -3557.5134365735271        3583.9974585586233        576.07975645335989     
         181   602.44570328553345       -3557.6961665517665        3584.0377123083108        576.10415752898916     
         182   602.25959231786862       -3558.2175846128471        3584.3494687199209        576.12770821079482     
         183   602.00647351814632       -3559.2130026381228        3585.0688943805317        576.15058177573746     
         184   601.68886388475391       -3560.8133328547788        3586.3291803997058        576.17301633982686     
         185   601.31070939846779       -3563.1421799444884        3588.2575847338430        576.19530460911312     
         186   600.87723938651266       -3566.3131915362310        3590.9726501948730        576.21778072787060     
         187   600.39475899711044       -3570.4278022581575        3594.5817562509178        576.24080500435014     
         188   599.87040872633486       -3575.5734501474790        3599.1791114890266        576.26474738478726     
         189   599.31192041694430       -3581.8222848490650        3604.8442346922038        576.28997057380548     
         190   598.72739532488117       -3589.2303335798151        3611.6409152397619        576.31681366493444     
         191   598.12512279670011       -3597.8370502979701        3619.6165960411040        576.34557705356622     
         192   597.51344928177707       -3607.6651501015058        3628.8020901177897        576.37650926549315     
         193   596.90069839477201       -3618.7206256466588        3639.2115278810747        576.40979616035611     
         194   596.29513498194797       -3630.9928534157939        3650.8424356197215        576.44555277802033     
         195   595.70496070614979       -3644.4547207241217        3663.6758635239603        576.48381790631117     
         196   595.13832612941405       -3659.0627337985557        3677.6765086478936        576.52455128007614     
         197   594.60334467059386       -3674.7570971488790        3692.7928086289180        576.56763319055483     
         198   594.10809667751528       -3691.4617795777694        3708.9570100541250        576.61286620115970     
         199   593.66061632879712       -3709.0845988983174        3726.0852365930223        576.65997863409223     
         200   593.26885911864349       -3727.5173641458427        3744.0775937579187        576.70862950656749     
         201   592.94065222545248       -3746.6361113205203        3762.8183489018184        576.75841464415441     
         202   603.71429495016855       -3755.2707971640839        3782.1762183483443        576.80887376590817     
